Total parsed: 930
Duplicates removed (undated): 28
Final Count: 902
Movement Counts: {'compra': 443, 'venta': 250, 'blindaje': 94, 'jornada': 75, 'once_ideal': 40}

Processing Clausulas...

Detailed Budget Breakdown:
Team                      |         Initial |          Income |         Expense |       Clausulas |    Final Budget
--------------------------------------------------------------------------------------------------------------
GOLENCIERRO FC            |     103,000,000 |   1,758,085,875 |   1,416,652,076 |     180,500,000 |     263,933,799
Vigar24                   |     103,000,000 |   2,923,340,240 |   3,181,606,905 |     107,000,000 |    -262,266,665
Visite La Manga FC        |     103,000,000 |   1,301,052,928 |   1,384,126,914 |      54,000,000 |     -34,073,986
Pablinistan FC            |     103,000,000 |   2,134,583,225 |   2,042,240,675 |     152,200,000 |      43,142,550
Alcatamy eSports By       |     100,000,000 |   2,972,757,584 |   2,850,174,331 |     168,850,000 |      53,733,253
Morenazos FC              |     103,000,000 |   1,343,632,235 |   1,245,263,098 |      36,000,000 |     165,369,137
--------------------------------------------------------------------------------------------------------------